0.00101003744876656436
0.01316109385794437744
0.01010078247742663901
0.00206124601825984034
0.00478841145761720217
0.00417838464307598075
0.00738068704846116339
0.01088210810560971686
0.00068992702423508834
0.00020129917198194854
0.012645203079179268
0.00396889671243440701
0.01005663480747632545
0.00001475791940117941
0.00412639538955115147
0.00894936680849804482
0.00181830984960647236
0.02033749187911552611
0.01621873771641438311
0.00021747335724148757
0.00018042644130977567
0.0054572287453025746
0.01959530790607423231
0.00335986005979618894
0.00170877761736991894
0.00383868182957604461
0.00020629572120111923
0.00175442762230189038
0.00403237406453087113
0.00479364580341257
0.00185765011820595888
0.00183743543531153866
0.00172829864559055787
0.00430816460339243298
0.00239527939810282777
0.00015206779887022405
0.01272290069825969192
0.00569068142750790533
0.00719631411545582945
0.00143975837001948681
0.03429060155961594775
0.01376011694481038203
0.0009019164083865558
0.00283155840795204115
0.00894796863833833243
0.00869394661859144123
0.01929046118698481832
0.00383856583941099595
0.01240516777089709956
0.00776712308621781058
0.00253049102689842115
0.00620000150794546446
0.01498796771528817552
0.0131045980575994498
0.00492639739034788932
0.00622417290863070804
0.00024595151424144414
0.00194634011982081491
0.01117579856827654282
0.00374480027600174658
0.00132971673738893886
0.00557089283556179947
0.00849912276927532358
0.00785644500758680454
0.00328670002433180657
0.00404576186109078303
0.00497100649118266576
0.01054951553991654439
0.00515148287747082493
0.00349752782084936705
0.00470920655440186953
0.00021014785386533317
0.00031122841773504543
0.00850717323426871362
0.02859951883030253939
0.00629575535020711428
0.00350150449227104111
0.00130725270075285707
0.00488344044810585555
0.02815155176174922308
0.01030367157200075615
0.00542988250916969471
0.01377729395632939016
0.00184936433885544136
0.00504753855609240028
0.02132437468521268531
0.0060358469197833442
0.00430205668793678421
0.00219606950092156479
0.00555845453999891277
0.02204484132411385633
0.00004007842177386897
0.01071617398939423392
0.01202251112327152455
0.01521193340123929566
0.00944308206927450648
0.01159350209234152711
0.00511853568262261253
0.00576849966053048779
0.00388698711585296411
